0.4924716651439667
0.6531597375869751
0.6914273500442505
0.71628338098526
0.731733500957489
0.7362040281295776
0.7428203821182251
0.7493652105331421
0.7567683458328247
0.7612746357917786
0.7636350393295288
0.7679982781410217
0.7735775113105774
0.7752584218978882
0.7774757742881775
0.7806230187416077
0.7838775515556335
0.7859160900115967
0.7867029309272766
0.7918529510498047
0.7941418290138245
0.7973248362541199
0.7978255152702332
0.8001144528388977
0.8017953634262085
0.8027251958847046
0.8053359985351562
0.804835319519043
0.8064804673194885
0.8074102997779846
0.8074460625648499
0.8074460625648499
0.8089123964309692
0.8090196847915649
0.8104860186576843
0.8119165897369385
0.810736358165741
0.8105217814445496
0.8143128156661987
0.8121311664581299
